1000 3473 3384 0
1000 3473 3384 0
1000 3473 3384 0
1000 3473 3384 0
1000 3473 3384 0
5000 24450 19603 0
5000 24450 19603 0
5000 24450 19603 0
5000 24450 19603 0
5000 24450 19603 0
10000 62665 37175 0
10000 62665 37175 0
10000 62665 37175 0
10000 62665 37175 0
10000 62665 37175 0
50000 406061 199214 0
50000 406061 199214 0.016
50000 406061 199214 0.015
50000 406061 199214 0
50000 406061 199214 0.015
100000 899234 404474 0.016
100000 899234 404474 0.016
100000 899234 404474 0.031
100000 899234 404474 0.016
100000 899234 404474 0.015
500000 5645477 2034883 0.14
500000 5645477 2034883 0.141
500000 5645477 2034883 0.14
500000 5645477 2034883 0.141
500000 5645477 2034883 0.141
